--start 2025-09-01
--end 2025-10-01
--municipio null
--out C:\Relatorios

[DIA 12]
--empresas
1523;
1535;
1536;
1537;
1538;
1539;
1540;
1556;
1727;
1728;
1872;
1873;
1874;
2023;
2024;
2033;
2034;
2063;
2100;
2101;
2102;
2104;
2151;
2152;
2272;
2273;
2274;
2275;
2276;
2375;
2376;
2377;
2378;
2379;
2380;
2381;
2505;
2506;
2507;
2541;
2542;
1150;
1477;
557;
698;
1229;
1096;
1141;
1104;
1110;
1097;
1098;
1099;
1100;
1101;
1102;
1103;
1165;
1166;
2254;
2435;
1603;
1604;
1614;
1615;
1675;
1693;
2479;
965;
552;
2513;
586;
1458;
1123;
1159;
1584;
1925;
1440;
1989;
777;
696;
558;
1490;
1786;
941;
1464;
1848;
1586;
1665;
1763;
1772;
2091;
768;
1591;
1194;
1904;
1561;
1574;
1575;
1576;
1577;
1578;
1988;
2330;
2335;
2333;
2334;
2332;
2420;
2432;
2496;
2543;
1262;
1263;
1325;
1395;
1731;
1789;
1835;
1836;
1837;
2346;
786;
242;
1412;
1855;
1421;
1413;
597;
510;
1323;
1515;
1516;
1517;
1519;
1526;
1527;
1528;
1529;
1530;
1608;
1609;
2286;
1628;
1629;
1046;
1071;
1072;
1073;
1075;
1155;
1306;
1307;
1338;
1445;
1446;
1447;
1468;
1548;
1549;
1650;
1651;
1652;
1762;
1773;
1860;
1861;
1959;
1987;
1593;
935;
1742;
1743;
889;
890;
891;
892;
1303;
1304;
1460;
1550;
1660;
1730;
2312;
2319;
2313;
2320;
2321;
2322;
2323;
2360;
2361;
2477;
1070;
1091;
898;
630;
881;
882;
883;
884;
885;
886;
887;
937;
938;
939;
940;
1193;
1391;
1392;
1393;
1450;
1459;
1620;
1681;
1702;
1892;
2007;
2226;
2262;
2303;
2304;
1060;
1068;
1114;
1115;
1116;
1117;
1118;
1119;
1120;
1218;
1264;
1336;
1616;
1922;
1995;
1996;
1997;
1239;
1238;
1241;
1242;
1243;
1244;
1245;
1246;
1247;
1260;
1692;
2512;
1314;
1910;
2339;
1024;
1025;
1026;
945;
1844;
1846;
1847;
1951;
1713;
1654;
1090;
2227;
2248;
2249;
2285;
2485;
2229;
2498;
2230;
2232;
2296;
2294;
1787;
1793;
1775;
1806;
2015;
2016;
2086;
2357;
1747;
1748;
1840;
1841;
1843;
1839;
2117;
2442;
2484;
2336;
2106;
2114;
2423;
1809;
1718;
2363;
2337;
1981;
2087;
2393;
2327;
2287;
2055;
2255;
2256;
2257;
2258;
2259;
2260;
2261;
2399;
2411;
1567;
1565;
1566;
2110;
2111;
1804;
1931;
2280;
2293;
2414;
2263;
2264;
2268;
2265;
2266;
2267;
2310;
2347;
2405;
2311;
1684;
2451;
2519;
2502;
2537;
2538;
861;
2042;
575;
1856;
1174;
1175;
1637;
1448;
775;
1613;
538;
1612;
661;
2448;
2329;
2372;
2526;
2520;
2521;
1866;
1867;
1928;
2038;
2483;
2119;
2120;
2121;
2122;
2470;
2471;
2198;
2200;
2205;
2206;
2207;
2208;
2210;
2212;
2213;
2214;
2215;
2216;
2217;
2464;
2457;
2458;
2459;
2460;
2461;
2462;
2532;
2533;
2534;
2535;
2536;
545;
395;
1318;
1320;
1345;
1807;
1881;
2504;
2050;
1929;
2340;
315;
893;
2401;
1186;
1187;
1188;
1143;
1144;
1145;
1146;
1147;
1913;
1916;
1368;
1369;
1420;
1376;
325;
793;
1223;
260;
219;
2449;
261;
869;
778;
417;
80;
1057;
108;
123;
465;
1821;
1963;
2219;
711;
736;
1502;
1862;
1511;
1512;
1513;
1514;
1977;
1978;
2133;
2237;
1864;
2094;
752;
1456;
1457;
1451;
1547;
670;
924;
631;
1455;
1471;
1124;
1720;
1879;
2314;
1755;
1121;
750;
1895;
2440;
1040;
1644;
1906;
1829;
2052;
1830;
801;
2508;
1380;
1381;
1382;
1383;
1385;
1386;
1442;
735;
277;
1833;
1834;
1582;
2150;
2315;
2490;
1583;
753;
754;
966;
810;
1687;
813;
1794;
2083;
2084;
2085;
1136;
1125;
1093;
1443;
1546;
1444;
706;
851;
1206;
1639;
666;
1733;
662;
1766;
2465;
804;
809;
951;
952;
1655;
1656;
1803;
1601;
2021;
1329;
1222;
1221;
1330;
1331;
1348;
2447;
2328;
2450;
2500;
1691;
2068;
2069;
2070;
2071;
2072;
2073;
2074;
2075;
2076;
2077;
2078;
2079;
2090;
2089;
2436;
2437;
2545;
950;
992;
986;
988;
989;
993;
995;
996;
997;
998;
999;
1004;
1005;
1006;
1007;
1008;
1009;
1010;
1011;
1013;
1020;
1012;
1014;
1015;
1016;
1019;
991;
987;
1017;
1018;
994;
1029;
990;
1156;
1157;
1203;
1349;
1350;
1351;
1352;
1491;
1492;
1493;
1494;
1495;
1496;
1497;
1554;
1555;
1764;
1765;
2455;
2456;
2487;
198;
199;
218;
270;
336;
568;
1027;
318;
840;
1421;
1412;
569;
114;
143;
197;
201;
205;
206;
719;
744;
835;
1003;
1711;
1038;
1994;
1823;
1825;
1826;
581;
590;
592;
591;
2374;
526;
1798;
1932;
1933;
1934;
1935;
1936;
1938;
1939;
1940;
1968;
2453;
2454;
1796;
1797;
1876;
1877;
527;
1908;
1909;
2030;
1888;
1416;
1417;
1418;
1419;
1452;
740;
1827;
1828;
1625;
1626;
1627;
742;
2061;
1776;
2130;
2134;
2135;
2136;
2137;
2138;
2139;
2140;
2141;
2142;
2278;
2289;
2343;
2241;
2242;
2441;
2306;
2425;
2426;
2430;
2431;
2428;
2443;
2444;
2429;
2478;
2511;

[DIA 15]
--empresas
1552;
2252;
2253;
1407;
2236;
1990;
1993;
1998;
1865;
1647;
1945;
2128;
2407;
1695;
1074;
1479;
1424;
2358;
2269;
2547;
2132;
1534;
2209;
1816;
1161;
1744;
1907;
1232;
1384;
1387;
1905;
1023;
1192;
811;
812;
1648;
1813;
1327;
1937;
1979;
2251;
2427;
2434;

[DIA 17]
--empresas
1518;
1415;
2029;
2499;
2201;
1630;
1355;
1148;
1505;

[DIA 22]
--empresas
1630;
1355;
1148;
1505;
1259;
1135;
1137;
1138;
1475;
1476;
1480;
1481;
1694;
1697;
1717;
1952;
1111;
2238;
2239;
2240;
2522;
2008;
2009;
2010;
2011;
1439;
702;
677;
782;
1589;
1674;
1992;
1918;
1560;
1579;
2331;
2497;
1812;
643;
2316;
2317;
2400;
2408;
2488;
2489;
2492;
2495;
2503;
2514;
2527;
2301;
1113;
1662;
2002;
2003;
2004;
2005;
2118;
2124;
2221;
1248;
1233;
1234;
1249;
1250;
1251;
1252;
1253;
1255;
1240;
1967;
2305;
2231;
2233;
2234;
2235;
2351;
2467;
1842;
2127;
1982;
2463;
2281;
2225;
2403;
2468;
2054;
2394;
2395;
2396;
2397;
2398;
2318;
522;
523;
524;
2452;
2481;
2482;
2539;
2540;
863;
2066;
1224;
1225;
1360;
1542;
2097;
2371;
1466;
2035;
1332;
2373;
2472;
1729;
2154;
2155;
2157;
2158;
2159;
2163;
2166;
2167;
2168;
2169;
2171;
2172;
2175;
2177;
2178;
2179;
2180;
2181;
2183;
2185;
2186;
2188;
2189;
1962;
598;
2353;
704;
1185;
2284;
2344;
2036;
2103;
1986;
2309;
214;
648;
848;
1021;
1896;
383;
1378;
411;
2192;
2193;
2228;
1319;
2349;
2510;
2341;
2474;
2475;
2476;
2223;
2224;
867;
2517;
2516;
2369;
1956;
1957;
2486;
2037;
1414;
2544;
2049;
2051;
2531;
2345;
2415;
2295;
2525;
2523;
2528;
2529;
2530;
783;
1863;
1943;
1688;
728;
160;
2352;
2466;
1950;
1160;
1504;
1398;
1811;
1342;
1572;
2324;
2218;
2220;
275;
763;
1769;
2067;
2501;
1696;
1707;
1708;
1709;
971;
1207;
1631;
1058;
1453;
770;
1822;
2027;
710;
712;
954;
758;
2125;
2145;
1868;
1869;
1870;
1871;
1891;
1397;
2546;
1941;
2146;
1052;
1761;
2153;
1917;
1831;
1611;
733;
734;
953;
2053;
2290;
2491;
1228;
1310;
1230;
705;
826;
1167;
1587;
2409;
2115;
1347;
1378;
1838;
1532;
2088;
2080;
2081;
2438;
2439;
202;
203;
204;
207;
663;
664;
668;
720;
780;
1130;
802;
747;
748;
1824;
1489;
2473;
2515;
1623;
1624;
739;
741;
2129;
2288;
2412;
2413;
2307;
2308;